256 0.000000000000000 0.000015258789062 0.000000000000000
256 0.020000000000000 0.000070343017578 0.000000295987580
256 0.040000000000000 0.000093154907227 0.000000363832873
256 0.060000000000000 0.000115631103516 0.000000472499158
256 0.080000000000000 0.000138031005859 0.000000556310676
256 0.100000000000000 0.000162994384766 0.000000648216757
256 0.120000000000000 0.000193069458008 0.000000821071241
256 0.140000000000000 0.000227874755859 0.000000918988523
256 0.160000000000000 0.000269104003906 0.000001178534724
256 0.180000000000000 0.000317062377930 0.000001382615487
256 0.200000000000000 0.000375427246094 0.000001753392782
256 0.220000000000000 0.000445587158203 0.000002123141739
256 0.240000000000000 0.000534332275391 0.000002674792361
256 0.260000000000000 0.000640090942383 0.000003233326252
256 0.280000000000000 0.000783325195312 0.000003973645348
256 0.300000000000000 0.000970748901367 0.000004986628287
256 0.320000000000000 0.001225585937500 0.000007066748437
256 0.340000000000000 0.001589843750000 0.000009066419902
256 0.360000000000000 0.002108200073242 0.000012517596786
256 0.380000000000000 0.002877380371094 0.000017686261568
256 0.400000000000000 0.004240447998047 0.000029592325731
256 0.420000000000000 0.006687271118164 0.000049590419298
256 0.440000000000000 0.011674560546875 0.000098771524249
256 0.460000000000000 0.024641815185547 0.000250280013719
256 0.480000000000000 0.072208221435547 0.000918775669313
256 0.500000000000000 0.358686630249023 0.004135750260019
256 0.520000000000000 0.752612258911133 0.001195860435068
256 0.540000000000000 0.851129745483398 0.000290540960242
256 0.560000000000000 0.897071151733398 0.000147839435380
256 0.580000000000000 0.925677047729492 0.000096871879097
256 0.600000000000000 0.945336685180664 0.000066072259827
256 0.620000000000000 0.959362136840820 0.000049355624430
256 0.640000000000000 0.969768722534180 0.000037765106283
256 0.660000000000000 0.977511840820313 0.000029376160007
256 0.680000000000000 0.983353729248047 0.000023691951345
256 0.700000000000000 0.987778915405273 0.000018808487127
256 0.720000000000000 0.991132995605469 0.000015166332550
256 0.740000000000000 0.993666397094727 0.000012478382895
256 0.760000000000000 0.995568161010742 0.000009803053188
256 0.780000000000000 0.996956588745117 0.000007810798416
256 0.800000000000000 0.997972183227539 0.000006198618945
256 0.820000000000000 0.998700836181641 0.000004902158776
256 0.840000000000000 0.999205368041992 0.000003819263645
256 0.860000000000000 0.999540222167969 0.000002852272066
256 0.880000000000000 0.999750350952148 0.000002071664369
256 0.900000000000000 0.999879486083984 0.000001475371418
256 0.920000000000000 0.999949722290039 0.000000916236611
256 0.940000000000000 0.999983535766602 0.000000511541146
256 0.960000000000000 0.999996337890625 0.000000239639040
256 0.980000000000000 0.999999649047852 0.000000075520646
256 1.000000000000000 1.000000000000000 0.000000000000000
