64 0.000000000000000 0.000244140625000 0.000000000000000
64 0.020000000000000 0.000854492187500 0.000004530399797
64 0.040000000000000 0.001110839843750 0.000005736276358
64 0.060000000000000 0.001366210937500 0.000007057394037
64 0.080000000000000 0.001620849609375 0.000009089329779
64 0.100000000000000 0.001916503906250 0.000010684926553
64 0.120000000000000 0.002241699218750 0.000013322684457
64 0.140000000000000 0.002614013671875 0.000015959822831
64 0.160000000000000 0.003027343750000 0.000018418774700
64 0.180000000000000 0.003497314453125 0.000021045439897
64 0.200000000000000 0.004089355468750 0.000025615585864
64 0.220000000000000 0.004779296875000 0.000031709246309
64 0.240000000000000 0.005649169921875 0.000039668215684
64 0.260000000000000 0.006755371093750 0.000049869764006
64 0.280000000000000 0.008116455078125 0.000059694634336
64 0.300000000000000 0.009793701171875 0.000072011459750
64 0.320000000000000 0.012116699218750 0.000096418260500
64 0.340000000000000 0.015177001953125 0.000134999729999
64 0.360000000000000 0.019505371093750 0.000182872546162
64 0.380000000000000 0.025854736328125 0.000252967014202
64 0.400000000000000 0.035382812500000 0.000351095007855
64 0.420000000000000 0.050177246093750 0.000530978608286
64 0.440000000000000 0.078142333984375 0.000954598220900
64 0.460000000000000 0.127557861328125 0.001755182910111
64 0.480000000000000 0.230265380859375 0.003108923948829
64 0.500000000000000 0.414756347656250 0.004707832781295
64 0.520000000000000 0.636270263671875 0.004250153123199
64 0.540000000000000 0.787321044921875 0.002383125534019
64 0.560000000000000 0.864933593750000 0.001064509393049
64 0.580000000000000 0.906292236328125 0.000560990375802
64 0.600000000000000 0.932381347656250 0.000372878872696
64 0.620000000000000 0.950486083984375 0.000255013217884
64 0.640000000000000 0.963282958984375 0.000186556421282
64 0.660000000000000 0.972717285156250 0.000143919397763
64 0.680000000000000 0.979789062500000 0.000110803088395
64 0.700000000000000 0.985058349609375 0.000089495098136
64 0.720000000000000 0.989171875000000 0.000074030605177
64 0.740000000000000 0.992200195312500 0.000061592640998
64 0.760000000000000 0.994456542968750 0.000046358196682
64 0.780000000000000 0.996129150390625 0.000037652912515
64 0.800000000000000 0.997374023437500 0.000030651295161
64 0.820000000000000 0.998297363281250 0.000024212004627
64 0.840000000000000 0.998940429687500 0.000018781886517
64 0.860000000000000 0.999379638671875 0.000013437381897
64 0.880000000000000 0.999644042968750 0.000010089667593
64 0.900000000000000 0.999809814453125 0.000007369125311
64 0.920000000000000 0.999912841796875 0.000004833385960
64 0.940000000000000 0.999970214843750 0.000002620747318
64 0.960000000000000 0.999993164062500 0.000001274293433
64 0.980000000000000 0.999999023437500 0.000000487547462
64 1.000000000000000 1.000000000000000 0.000000000000000
