128 0.000000000000000 1.000000000000000 0.000000000000000
128 0.020000000000000 1.084317504882812 0.000114966294281
128 0.040000000000000 1.179899169921875 0.000187204251021
128 0.060000000000000 1.289402221679687 0.000269829294003
128 0.080000000000000 1.415526733398438 0.000368769366478
128 0.100000000000000 1.561784423828125 0.000494969818941
128 0.120000000000000 1.732526733398438 0.000648749559397
128 0.140000000000000 1.934749755859375 0.000861263893923
128 0.160000000000000 2.176019531250000 0.001131542237278
128 0.180000000000000 2.465709960937500 0.001478163630591
128 0.200000000000000 2.820584960937500 0.001925437716957
128 0.220000000000000 3.260176025390625 0.002519500827660
128 0.240000000000000 3.811132812500000 0.003369344782125
128 0.260000000000000 4.513758789062500 0.004480486385502
128 0.280000000000000 5.427872802734375 0.006026239656594
128 0.300000000000000 6.665838745117187 0.008691841506480
128 0.320000000000000 8.375325439453125 0.013157871818367
128 0.340000000000000 10.792932861328126 0.019885174807097
128 0.360000000000000 14.442972534179688 0.032752237482129
128 0.380000000000000 20.270155273437499 0.057736459220815
128 0.400000000000000 30.240170898437501 0.113604707331485
128 0.420000000000000 49.180442504882812 0.247119283226303
128 0.440000000000000 90.995837890624998 0.647316405366056
128 0.460000000000000 211.339626708984383 2.635443682109948
128 0.480000000000000 697.140557373046931 12.335094538796520
128 0.500000000000000 3155.631366455078023 51.005606893191398
128 0.520000000000000 8273.517957275391382 51.270277090451508
128 0.540000000000000 11399.331543701171540 21.486728202282176
128 0.560000000000000 12921.854845092773758 10.963029776244412
128 0.580000000000000 13863.914626464844332 6.605103129857556
128 0.600000000000000 14520.198176879883249 4.467968895156612
128 0.620000000000000 14993.968618041992158 3.411143967344764
128 0.640000000000000 15341.916302978515887 2.584512555021132
128 0.660000000000000 15604.929394531249272 1.998945233252083
128 0.680000000000000 15805.100132934570865 1.608343818127236
128 0.700000000000000 15957.359157714843604 1.301880624348361
128 0.720000000000000 16073.179048950194556 1.036589666863559
128 0.740000000000000 16160.939940185546220 0.841342448158304
128 0.760000000000000 16226.892717529297443 0.687389855483564
128 0.780000000000000 16275.985759033203067 0.547759527912929
128 0.800000000000000 16312.264322509765407 0.427119838751500
128 0.820000000000000 16337.153148193359812 0.344971617967743
128 0.840000000000000 16354.981005126952368 0.265210767587907
128 0.860000000000000 16367.059552490234637 0.194952015919967
128 0.880000000000000 16374.557990356444861 0.141083168260511
128 0.900000000000000 16379.250669921875669 0.103341501643270
128 0.920000000000000 16381.970194702147637 0.064731628098477
128 0.940000000000000 16383.272053955077354 0.037618789613912
128 0.960000000000000 16383.822011352538539 0.018671325046382
128 0.980000000000000 16383.974001586913801 0.007167225441421
128 1.000000000000000 16384.000000000000000 0.000000000000000
