256 0.000000000000000 1.000000000000000 0.000000000000000
256 0.020000000000000 1.084726196289062 0.000057590756663
256 0.040000000000000 1.180932159423828 0.000098824424561
256 0.060000000000000 1.291022155761719 0.000139285212737
256 0.080000000000000 1.417688720703125 0.000188384752319
256 0.100000000000000 1.564935089111328 0.000248745691020
256 0.120000000000000 1.737290008544922 0.000319147602474
256 0.140000000000000 1.940896850585937 0.000415535104769
256 0.160000000000000 2.183546691894531 0.000547096625590
256 0.180000000000000 2.476715240478516 0.000712812459211
256 0.200000000000000 2.834936676025391 0.000932469254550
256 0.220000000000000 3.278382537841797 0.001256171153515
256 0.240000000000000 3.836929443359375 0.001663401942351
256 0.260000000000000 4.550413360595703 0.002285368973932
256 0.280000000000000 5.488060852050781 0.003213217613041
256 0.300000000000000 6.746373718261719 0.004558158024408
256 0.320000000000000 8.492300964355469 0.006969805508538
256 0.340000000000000 11.002476531982422 0.010646053268409
256 0.360000000000000 14.778579101562499 0.016895549649514
256 0.380000000000000 20.766008972167970 0.029068329133704
256 0.400000000000000 31.239716796875001 0.057089472264905
256 0.420000000000000 51.484107482910154 0.126035750224344
256 0.440000000000000 98.089639648437497 0.358710704579520
256 0.460000000000000 239.780356842041016 1.532523065541657
256 0.480000000000000 981.305820587158223 12.669605052757014
256 0.500000000000000 10840.366341766357436 174.659589264844129
256 0.520000000000000 37287.965246582032705 102.643642550154766
256 0.540000000000000 47485.220517150875821 32.087394000478511
256 0.560000000000000 52741.688647644041339 17.341263150086249
256 0.580000000000000 56157.398156707764429 11.742711997438915
256 0.600000000000000 58567.499128234863747 8.182250164579054
256 0.620000000000000 60318.024423980714346 6.204231122862334
256 0.640000000000000 61633.588111053468310 4.799916178176987
256 0.660000000000000 62621.678312866213673 3.763528102467555
256 0.680000000000000 63372.367692443847773 3.053379228222282
256 0.700000000000000 63943.989762512210291 2.434997742396294
256 0.720000000000000 64378.965422973633395 1.970166514098524
256 0.740000000000000 64708.490214935300173 1.625140098829517
256 0.760000000000000 64956.409455535889720 1.279158266864594
256 0.780000000000000 65137.708923706057249 1.020638114478136
256 0.800000000000000 65270.484508697511046 0.810787393074577
256 0.820000000000000 65365.829731048586837 0.641677839566407
256 0.840000000000000 65431.889254577639804 0.500186070767880
256 0.860000000000000 65475.750903503416339 0.373671022703879
256 0.880000000000000 65503.282638824464811 0.271463750934838
256 0.900000000000000 65520.205223724362440 0.193352590111264
256 0.920000000000000 62318.146273345948430 447.547954860954803
256 0.940000000000000 42334.098051910397771 991.500504878291281
256 0.960000000000000 13893.152008361816115 847.448317260074532
256 0.980000000000000 1441.746000762939502 304.133386832598205
256 1.000000000000000 0.000000000000000 0.000000000000000
