32 0.000000000000000 1.000000000000000 0.000000000000000
32 0.020000000000000 1.082455078125000 0.000445577793085
32 0.040000000000000 1.174652343750000 0.000720069901564
32 0.060000000000000 1.279937500000000 0.001022898203536
32 0.080000000000000 1.400845703125000 0.001384793740366
32 0.100000000000000 1.543000000000000 0.001867870099009
32 0.120000000000000 1.706894531250000 0.002424239413905
32 0.140000000000000 1.900964843750000 0.003197041286321
32 0.160000000000000 2.129664062500000 0.004176869524497
32 0.180000000000000 2.402412109375000 0.005405679832066
32 0.200000000000000 2.734800781250000 0.007020483515033
32 0.220000000000000 3.147185546875000 0.009258065691576
32 0.240000000000000 3.638847656250000 0.012316290534511
32 0.260000000000000 4.268578125000000 0.016253339067191
32 0.280000000000000 5.104751953125000 0.022495661129207
32 0.300000000000000 6.186863281250000 0.032055957077798
32 0.320000000000000 7.643226562500000 0.043136696228952
32 0.340000000000000 9.647234375000000 0.063351712965523
32 0.360000000000000 12.487861328125000 0.093547860935268
32 0.380000000000000 16.804041015625000 0.157186871251973
32 0.400000000000000 23.621376953125001 0.274371729079027
32 0.420000000000000 34.672267578125002 0.465434009366172
32 0.440000000000000 54.823953125000003 0.942258907018549
32 0.460000000000000 92.008457031250003 1.687660744851702
32 0.480000000000000 159.963701171874987 2.890330924442918
32 0.500000000000000 265.046380859375006 4.116415992224582
32 0.520000000000000 404.115015625000012 5.045834795623034
32 0.540000000000000 558.360152343749974 4.954888195739678
32 0.560000000000000 692.700718749999965 3.856268583930198
32 0.580000000000000 789.556535156249993 2.693323835677873
32 0.600000000000000 853.485562500000015 1.928679257981776
32 0.620000000000000 899.271734375000051 1.316759745855213
32 0.640000000000000 931.450619140625008 0.974756565145696
32 0.660000000000000 955.054423828124982 0.755533415814480
32 0.680000000000000 972.939751953124983 0.568556454979677
32 0.700000000000000 985.796636718750051 0.475874747915711
32 0.720000000000000 995.796621093749991 0.369939256869567
32 0.740000000000000 1003.468214843750047 0.300919892060719
32 0.760000000000000 1009.248878906249956 0.243570246795041
32 0.780000000000000 1013.711507812500031 0.190427222325830
32 0.800000000000000 1017.030675781250011 0.149311017011573
32 0.820000000000000 1019.347906250000051 0.117800350618548
32 0.840000000000000 1020.972328124999990 0.091901901217782
32 0.860000000000000 1022.065527343749977 0.073514126603307
32 0.880000000000000 1022.875830078124977 0.056026469354314
32 0.900000000000000 1023.384962890625047 0.042382158614711
32 0.920000000000000 1023.712482421875052 0.031097292378627
32 0.940000000000000 1023.864166015624960 0.018246359820517
32 0.960000000000000 1023.970033203125013 0.008185660889166
32 0.980000000000000 1023.996003906250053 0.002824250369586
32 1.000000000000000 1024.000000000000000 0.000000000000000
