64 0.000000000000000 1.000000000000000 0.000000000000000
64 0.020000000000000 1.083347167968750 0.000218509125781
64 0.040000000000000 1.177778320312500 0.000360712509921
64 0.060000000000000 1.285725097656250 0.000527902863335
64 0.080000000000000 1.410078125000000 0.000705887234503
64 0.100000000000000 1.554247070312500 0.000931825158394
64 0.120000000000000 1.723640136718750 0.001195143123497
64 0.140000000000000 1.922959960937500 0.001603360188302
64 0.160000000000000 2.159733398437500 0.002083229546009
64 0.180000000000000 2.442921875000000 0.002713794484316
64 0.200000000000000 2.789532226562500 0.003596008661380
64 0.220000000000000 3.216448242187500 0.004754191789846
64 0.240000000000000 3.747403320312500 0.006368147247470
64 0.260000000000000 4.427796875000000 0.008750103890506
64 0.280000000000000 5.315442382812500 0.011988708558095
64 0.300000000000000 6.484125976562500 0.016661275343199
64 0.320000000000000 8.105676757812500 0.024819402860459
64 0.340000000000000 10.387839843749999 0.039429108309713
64 0.360000000000000 13.787165527343751 0.064258191388082
64 0.380000000000000 19.014916992187501 0.107182518974317
64 0.400000000000000 27.714936035156249 0.179592524791208
64 0.420000000000000 43.457631835937498 0.352115994692841
64 0.440000000000000 76.417748046875005 0.887302357719407
64 0.460000000000000 152.792725097656245 2.441954910682429
64 0.480000000000000 363.900495605468734 6.506117716506012
64 0.500000000000000 907.934044433593726 14.822121243107286
64 0.520000000000000 1794.925745117187489 17.636303612795423
64 0.540000000000000 2582.362685546875127 12.419648946999699
64 0.560000000000000 3072.703212890624854 6.972774274143256
64 0.580000000000000 3366.692383789062660 4.069009968221828
64 0.600000000000000 3561.836705566406181 2.808421310912463
64 0.620000000000000 3700.907548339843743 1.974811479619487
64 0.640000000000000 3801.000786621093539 1.466491752249823
64 0.660000000000000 3875.709713867187475 1.143217748329525
64 0.680000000000000 3932.202204589843859 0.887773006446468
64 0.700000000000000 3974.575429687500218 0.721200140701647
64 0.720000000000000 4007.818753906250095 0.599177743270564
64 0.740000000000000 4032.382253906249844 0.500034577416944
64 0.760000000000000 4050.731219726562358 0.377452293323660
64 0.780000000000000 4064.362805664062307 0.307106416195913
64 0.800000000000000 4074.523776367187565 0.250276660702827
64 0.820000000000000 4082.068513183593950 0.197877955335281
64 0.840000000000000 4087.327404296875102 0.153618880501759
64 0.860000000000000 4090.921059082031206 0.109971901580003
64 0.880000000000000 4093.085351074218579 0.082598385307865
64 0.900000000000000 4094.442588867187624 0.060336727641066
64 0.920000000000000 4095.286219238281319 0.039579773288423
64 0.940000000000000 4095.756062011718768 0.021463492583724
64 0.960000000000000 4095.944013671874927 0.010436463177893
64 0.980000000000000 4095.992001953125055 0.003993014187741
64 1.000000000000000 4096.000000000000000 0.000000000000000
