256 0.000000000000000 1.000000000000000 0.000000000000000
256 0.020000000000000 1.084726196289062 0.000057590756663
256 0.040000000000000 1.180932159423828 0.000098824424561
256 0.060000000000000 1.291022155761719 0.000139285212737
256 0.080000000000000 1.417688720703125 0.000188384752319
256 0.100000000000000 1.564935089111328 0.000248745691020
256 0.120000000000000 1.737290008544922 0.000319147602474
256 0.140000000000000 1.940896850585937 0.000415535104769
256 0.160000000000000 2.183546691894531 0.000547096625590
256 0.180000000000000 2.476715240478516 0.000712812459211
256 0.200000000000000 2.834936676025391 0.000932469254550
256 0.220000000000000 3.278382537841797 0.001256171153515
256 0.240000000000000 3.836929443359375 0.001663401942351
256 0.260000000000000 4.550413360595703 0.002285368973932
256 0.280000000000000 5.488060852050781 0.003213217613041
256 0.300000000000000 6.746373718261719 0.004558158024408
256 0.320000000000000 8.492300964355469 0.006969805508538
256 0.340000000000000 11.002476531982422 0.010646053268409
256 0.360000000000000 14.778579101562499 0.016895549649514
256 0.380000000000000 20.766008972167970 0.029068329133704
256 0.400000000000000 31.239716796875001 0.057089472264905
256 0.420000000000000 51.484107482910154 0.126035750224344
256 0.440000000000000 98.089639648437497 0.358710704579520
256 0.460000000000000 239.780356842041016 1.532523065541657
256 0.480000000000000 979.557535430908160 12.615674216412451
256 0.500000000000000 2411.578232360840047 82.831533132914615
256 0.520000000000000 64.027194458007813 6.564396519145966
256 0.540000000000000 3.983944931030273 0.231476111563884
256 0.560000000000000 1.036514755249023 0.035839306794632
256 0.580000000000000 0.427380050659180 0.006786463172459
256 0.600000000000000 0.216635116577148 0.003226293767108
256 0.620000000000000 0.122434799194336 0.001441051387808
256 0.640000000000000 0.073411392211914 0.000496692557617
256 0.660000000000000 0.047125366210937 0.000323028676442
256 0.680000000000000 0.031027160644531 0.000258288712026
256 0.700000000000000 0.020478439331055 0.000095717673899
256 0.720000000000000 0.013676422119141 0.000065037312843
256 0.740000000000000 0.009074966430664 0.000040532554099
256 0.760000000000000 0.005958358764648 0.000027242632737
256 0.780000000000000 0.003911941528320 0.000018056274841
256 0.800000000000000 0.002506423950195 0.000013039679097
256 0.820000000000000 0.001544311523437 0.000008682378443
256 0.840000000000000 0.000917526245117 0.000006210786629
256 0.860000000000000 0.000516845703125 0.000004227769193
256 0.880000000000000 0.000273330688477 0.000002936612110
256 0.900000000000000 0.000129394531250 0.000001852692380
256 0.920000000000000 0.000052719116211 0.000001060107245
256 0.940000000000000 0.000017013549805 0.000000569536866
256 0.960000000000000 0.000003723144531 0.000000250138392
256 0.980000000000000 0.000000381469727 0.000000092074385
256 1.000000000000000 0.000000000000000 0.000000000000000
