64 0.000000000000000 1.000000000000000 0.000000000000000
64 0.020000000000000 1.083347167968750 0.000218509125781
64 0.040000000000000 1.177778320312500 0.000360712509921
64 0.060000000000000 1.285725097656250 0.000527902863335
64 0.080000000000000 1.410078125000000 0.000705887234503
64 0.100000000000000 1.554247070312500 0.000931825158394
64 0.120000000000000 1.723640136718750 0.001195143123497
64 0.140000000000000 1.922959960937500 0.001603360188302
64 0.160000000000000 2.159733398437500 0.002083229546009
64 0.180000000000000 2.442921875000000 0.002713794484316
64 0.200000000000000 2.789532226562500 0.003596008661380
64 0.220000000000000 3.216448242187500 0.004754191789846
64 0.240000000000000 3.747403320312500 0.006368147247470
64 0.260000000000000 4.427796875000000 0.008750103890506
64 0.280000000000000 5.315442382812500 0.011988708558095
64 0.300000000000000 6.484125976562500 0.016661275343199
64 0.320000000000000 8.105676757812500 0.024819402860459
64 0.340000000000000 10.387839843749999 0.039429108309713
64 0.360000000000000 13.787165527343751 0.064258191388082
64 0.380000000000000 19.014916992187501 0.107182518974317
64 0.400000000000000 27.714936035156249 0.179592524791208
64 0.420000000000000 43.457631835937498 0.352115994692841
64 0.440000000000000 76.417748046875005 0.887302357719407
64 0.460000000000000 144.189391601562505 2.093251790939696
64 0.480000000000000 240.831524169921863 4.554226306032171
64 0.500000000000000 203.789910644531261 6.817948137889536
64 0.520000000000000 71.305305419921879 4.478309873207004
64 0.540000000000000 14.764877441406250 1.199795820834162
64 0.560000000000000 3.807290039062500 0.428372651476392
64 0.580000000000000 1.091050048828125 0.070160658534035
64 0.600000000000000 0.471705078125000 0.032207270941289
64 0.620000000000000 0.217576904296875 0.007584998252764
64 0.640000000000000 0.122388916015625 0.003826949124697
64 0.660000000000000 0.076115722656250 0.002977544908778
64 0.680000000000000 0.046824707031250 0.001492903811740
64 0.700000000000000 0.030212158203125 0.000737383032160
64 0.720000000000000 0.020079101562500 0.000624894889569
64 0.740000000000000 0.013542480468750 0.000567975907805
64 0.760000000000000 0.008556152343750 0.000165685067790
64 0.780000000000000 0.005632080078125 0.000118475317926
64 0.800000000000000 0.003687011718750 0.000098723148821
64 0.820000000000000 0.002240234375000 0.000066859782093
64 0.840000000000000 0.001362304687500 0.000054559580672
64 0.860000000000000 0.000743896484375 0.000022786970227
64 0.880000000000000 0.000415527343750 0.000015941204051
64 0.900000000000000 0.000218505859375 0.000011204115972
64 0.920000000000000 0.000092529296875 0.000005693780758
64 0.940000000000000 0.000030273437500 0.000002748623924
64 0.960000000000000 0.000006835937500 0.000001274293465
64 0.980000000000000 0.000000976562500 0.000000487547544
64 1.000000000000000 0.000000000000000 0.000000000000000
