32 0.000000000000000 1.000000000000000 0.000000000000000
32 0.020000000000000 1.082455078125000 0.000445577793085
32 0.040000000000000 1.174652343750000 0.000720069901564
32 0.060000000000000 1.279937500000000 0.001022898203536
32 0.080000000000000 1.400845703125000 0.001384793740366
32 0.100000000000000 1.543000000000000 0.001867870099009
32 0.120000000000000 1.706894531250000 0.002424239413905
32 0.140000000000000 1.900964843750000 0.003197041286321
32 0.160000000000000 2.129664062500000 0.004176869524497
32 0.180000000000000 2.402412109375000 0.005405679832066
32 0.200000000000000 2.734800781250000 0.007020483515033
32 0.220000000000000 3.147185546875000 0.009258065691576
32 0.240000000000000 3.638847656250000 0.012316290534511
32 0.260000000000000 4.268578125000000 0.016253339067191
32 0.280000000000000 5.104751953125000 0.022495661129207
32 0.300000000000000 6.186863281250000 0.032055957077798
32 0.320000000000000 7.643226562500000 0.043136696228952
32 0.340000000000000 9.647234375000000 0.063351712965523
32 0.360000000000000 12.487861328125000 0.093547860935268
32 0.380000000000000 16.763797851562501 0.153892120115288
32 0.400000000000000 23.496899414062501 0.264429816386673
32 0.420000000000000 33.998037109374998 0.439008604205121
32 0.440000000000000 48.988512695312501 0.752526777077628
32 0.460000000000000 66.505170898437498 1.179738196121366
32 0.480000000000000 74.116416992187496 1.703451172122711
32 0.500000000000000 60.210091796874998 2.031181295575314
32 0.520000000000000 38.442661132812503 1.916633887320769
32 0.540000000000000 17.589473632812499 1.280056968241592
32 0.560000000000000 6.396471679687500 0.635926659846338
32 0.580000000000000 2.282019531250000 0.199412972140280
32 0.600000000000000 1.064651367187500 0.110897595713073
32 0.620000000000000 0.420471679687500 0.032561653647109
32 0.640000000000000 0.233862304687500 0.016880069938132
32 0.660000000000000 0.135183593750000 0.011689615463955
32 0.680000000000000 0.077416015625000 0.005814408060131
32 0.700000000000000 0.052447265625000 0.005217200586709
32 0.720000000000000 0.032019531250000 0.001923581976580
32 0.740000000000000 0.021029296875000 0.001588095233913
32 0.760000000000000 0.014297851562500 0.001488301357106
32 0.780000000000000 0.008457031250000 0.000379131601705
32 0.800000000000000 0.005238281250000 0.000256157962382
32 0.820000000000000 0.003181640625000 0.000141855700475
32 0.840000000000000 0.002006835937500 0.000109473229213
32 0.860000000000000 0.001284179687500 0.000095789762664
32 0.880000000000000 0.000750976562500 0.000078271731489
32 0.900000000000000 0.000429687500000 0.000070621267775
32 0.920000000000000 0.000224609375000 0.000066116120604
32 0.940000000000000 0.000080078125000 0.000012560941588
32 0.960000000000000 0.000016601562500 0.000005235298621
32 0.980000000000000 0.000001953125000 0.000001380376534
32 1.000000000000000 0.000000000000000 0.000000000000000
