128 0.000000000000000 1.000000000000000 0.000000000000000
128 0.020000000000000 1.084317504882812 0.000114966294281
128 0.040000000000000 1.179899169921875 0.000187204251021
128 0.060000000000000 1.289402221679687 0.000269829294003
128 0.080000000000000 1.415526733398438 0.000368769366478
128 0.100000000000000 1.561784423828125 0.000494969818941
128 0.120000000000000 1.732526733398438 0.000648749559397
128 0.140000000000000 1.934749755859375 0.000861263893923
128 0.160000000000000 2.176019531250000 0.001131542237278
128 0.180000000000000 2.465709960937500 0.001478163630591
128 0.200000000000000 2.820584960937500 0.001925437716957
128 0.220000000000000 3.260176025390625 0.002519500827660
128 0.240000000000000 3.811132812500000 0.003369344782125
128 0.260000000000000 4.513758789062500 0.004480486385502
128 0.280000000000000 5.427872802734375 0.006026239656594
128 0.300000000000000 6.665838745117187 0.008691841506480
128 0.320000000000000 8.375325439453125 0.013157871818367
128 0.340000000000000 10.792932861328126 0.019885174807097
128 0.360000000000000 14.442972534179688 0.032752237482129
128 0.380000000000000 20.270155273437499 0.057736459220815
128 0.400000000000000 30.240170898437501 0.113604707331485
128 0.420000000000000 49.180442504882812 0.247119283226303
128 0.440000000000000 90.995837890624998 0.647316405366056
128 0.460000000000000 210.644810058593748 2.568514957804021
128 0.480000000000000 609.610052734375017 9.572680383008239
128 0.500000000000000 710.095006530761680 23.970235804017612
128 0.520000000000000 88.498525146484369 7.144335242794077
128 0.540000000000000 7.903067382812500 0.617585603828727
128 0.560000000000000 1.787994445800781 0.134585615729108
128 0.580000000000000 0.636975280761719 0.023581752957750
128 0.600000000000000 0.286879089355469 0.010534609832898
128 0.620000000000000 0.156124084472656 0.005409939986253
128 0.640000000000000 0.093571411132813 0.003530485148112
128 0.660000000000000 0.056123596191406 0.000801037979722
128 0.680000000000000 0.035842407226562 0.000433796360290
128 0.700000000000000 0.023740905761719 0.000296968517899
128 0.720000000000000 0.015734924316406 0.000174783523268
128 0.740000000000000 0.010423889160156 0.000119909749885
128 0.760000000000000 0.006929199218750 0.000098233909933
128 0.780000000000000 0.004508605957031 0.000075892791826
128 0.800000000000000 0.002822143554687 0.000037152108728
128 0.820000000000000 0.001787963867188 0.000030384928713
128 0.840000000000000 0.001068054199219 0.000023999517955
128 0.860000000000000 0.000590637207031 0.000008636570301
128 0.880000000000000 0.000325805664063 0.000006107105807
128 0.900000000000000 0.000162780761719 0.000004396777236
128 0.920000000000000 0.000067932128906 0.000002666153076
128 0.940000000000000 0.000024291992188 0.000001665197841
128 0.960000000000000 0.000005554199219 0.000000606733103
128 0.980000000000000 0.000000793457031 0.000000218739678
128 1.000000000000000 0.000000000000000 0.000000000000000
