128 0.000000000000000 0.000061035156250 0.000000000000000
128 0.020000000000000 0.000252807617188 0.000001067927129
128 0.040000000000000 0.000325683593750 0.000001375136579
128 0.060000000000000 0.000401245117187 0.000001785087254
128 0.080000000000000 0.000478393554688 0.000002243494194
128 0.100000000000000 0.000563354492188 0.000002558281025
128 0.120000000000000 0.000659362792969 0.000002936359124
128 0.140000000000000 0.000776611328125 0.000003852381157
128 0.160000000000000 0.000914855957031 0.000004819503099
128 0.180000000000000 0.001065917968750 0.000005574968361
128 0.200000000000000 0.001254516601562 0.000006601618135
128 0.220000000000000 0.001500732421875 0.000008409404079
128 0.240000000000000 0.001786926269531 0.000010220119454
128 0.260000000000000 0.002125122070312 0.000012458131908
128 0.280000000000000 0.002557434082031 0.000015619836394
128 0.300000000000000 0.003153381347656 0.000020044695194
128 0.320000000000000 0.003954833984375 0.000026400755494
128 0.340000000000000 0.005015563964844 0.000034044680446
128 0.360000000000000 0.006635253906250 0.000048455584416
128 0.380000000000000 0.009112304687500 0.000071169820060
128 0.400000000000000 0.012832458496094 0.000108775473712
128 0.420000000000000 0.019490661621094 0.000187372035647
128 0.440000000000000 0.032222839355469 0.000347432406987
128 0.460000000000000 0.062177856445312 0.000810332082898
128 0.480000000000000 0.145116516113281 0.002059834205563
128 0.500000000000000 0.387149353027344 0.004378840161890
128 0.520000000000000 0.700762329101563 0.002764494269236
128 0.540000000000000 0.833380859375000 0.000837583363816
128 0.560000000000000 0.887936706542969 0.000383211448581
128 0.580000000000000 0.919836364746094 0.000220063845146
128 0.600000000000000 0.941384094238281 0.000145130888962
128 0.620000000000000 0.956628356933594 0.000109027287325
128 0.640000000000000 0.967669311523437 0.000081595187040
128 0.660000000000000 0.975931335449219 0.000062536005840
128 0.680000000000000 0.982172119140625 0.000049993958052
128 0.700000000000000 0.986892517089844 0.000040271981653
128 0.720000000000000 0.990468078613281 0.000031946392978
128 0.740000000000000 0.993168762207031 0.000025857632481
128 0.760000000000000 0.995193481445312 0.000021082572521
128 0.780000000000000 0.996697937011719 0.000016774381099
128 0.800000000000000 0.997808227539063 0.000013064905558
128 0.820000000000000 0.998569213867188 0.000010544162061
128 0.840000000000000 0.999113952636719 0.000008101673924
128 0.860000000000000 0.999482849121094 0.000005952972458
128 0.880000000000000 0.999711791992188 0.000004307065356
128 0.900000000000000 0.999855041503906 0.000003154428929
128 0.920000000000000 0.999938049316406 0.000001975713576
128 0.940000000000000 0.999977783203125 0.000001148138991
128 0.960000000000000 0.999994567871094 0.000000569841408
128 0.980000000000000 0.999999206542969 0.000000218739953
128 1.000000000000000 1.000000000000000 0.000000000000000
