32 0.000000000000000 0.000976562500000 0.000000000000000
32 0.020000000000000 0.002972656250000 0.000015450512373
32 0.040000000000000 0.003726562500000 0.000022958498305
32 0.060000000000000 0.004493164062500 0.000028881721171
32 0.080000000000000 0.005298828125000 0.000035126639790
32 0.100000000000000 0.006242187500000 0.000044456750581
32 0.120000000000000 0.007206054687500 0.000051324107123
32 0.140000000000000 0.008322265625000 0.000060589115222
32 0.160000000000000 0.009603515625000 0.000070675614588
32 0.180000000000000 0.010955078125000 0.000080584368768
32 0.200000000000000 0.012638671875000 0.000096578113152
32 0.220000000000000 0.014805664062500 0.000122498521655
32 0.240000000000000 0.017059570312500 0.000146137063632
32 0.260000000000000 0.019957031250000 0.000172763818437
32 0.280000000000000 0.023756835937500 0.000218977349750
32 0.300000000000000 0.028362304687500 0.000276478114306
32 0.320000000000000 0.034237304687500 0.000333358510244
32 0.340000000000000 0.041860351562500 0.000427592205222
32 0.360000000000000 0.051653320312500 0.000545747179384
32 0.380000000000000 0.065676757812500 0.000759294472353
32 0.400000000000000 0.085782226562500 0.001076852089547
32 0.420000000000000 0.114259765625000 0.001466681023469
32 0.440000000000000 0.157423828125000 0.002226072732016
32 0.460000000000000 0.225122070312500 0.003135815082949
32 0.480000000000000 0.323854492187500 0.004285372160499
32 0.500000000000000 0.450499023437500 0.004953276241079
32 0.520000000000000 0.586318359375000 0.005027320754970
32 0.540000000000000 0.715656250000000 0.004237122388582
32 0.560000000000000 0.813014648437500 0.002911828030992
32 0.580000000000000 0.875013671875000 0.001719547233394
32 0.600000000000000 0.911694335937500 0.001121156027704
32 0.620000000000000 0.936631835937500 0.000711158125960
32 0.640000000000000 0.953483398437500 0.000510914900650
32 0.660000000000000 0.965601562500000 0.000389993761584
32 0.680000000000000 0.974667968750000 0.000288632882144
32 0.700000000000000 0.981113281250000 0.000239993676251
32 0.720000000000000 0.986099609375000 0.000184290713055
32 0.740000000000000 0.989902343750000 0.000149212057539
32 0.760000000000000 0.992756835937500 0.000120518817483
32 0.780000000000000 0.994955078125000 0.000093738085474
32 0.800000000000000 0.996585937500000 0.000073337331585
32 0.820000000000000 0.997722656250000 0.000057768234836
32 0.840000000000000 0.998518554687500 0.000045026170083
32 0.860000000000000 0.999053710937500 0.000036005879221
32 0.880000000000000 0.999450195312500 0.000027427672201
32 0.900000000000000 0.999699218750000 0.000020752529578
32 0.920000000000000 0.999859375000000 0.000015238991295
32 0.940000000000000 0.999933593750000 0.000008921498915
32 0.960000000000000 0.999985351562500 0.000004001737196
32 0.980000000000000 0.999998046875000 0.000001380376476
32 1.000000000000000 1.000000000000000 0.000000000000000
